
Projected vertexes onto the projection window
v0 = (18.256554,21.253752,-0.734506,1.000000)
v1 = (16.500376,-1.600772,-0.760045,1.000000)
v2 = (-28.603523,-17.838961,-0.702883,1.000000)
v3 = (-32.471157,9.000471,-0.662708,1.000000)
v4 = (27.776413,17.323122,-0.711475,1.000000)
v5 = (-25.811237,2.504058,-0.624643,1.000000)
v6 = (-22.435286,-26.118507,-0.673737,1.000000)
v7 = (24.896721,-6.900962,-0.741387,1.000000)

Vertexes after Window to viewport Mapping transformation
v0 = (356.513123,197.492493,-0.734506,1.000000)
v1 = (353.000763,243.201538,-0.760045,1.000000)
v2 = (262.792969,275.677917,-0.702883,1.000000)
v3 = (255.057678,221.999054,-0.662708,1.000000)
v4 = (375.552826,205.353760,-0.711475,1.000000)
v5 = (268.377533,234.991882,-0.624643,1.000000)
v6 = (275.129425,292.237000,-0.673737,1.000000)
v7 = (369.793457,253.801926,-0.741387,1.000000)
