
Projected vertexes onto the projection window
v0 = (-5.442682,-4.757588,-0.817140,1.000000)
v1 = (-4.955221,-16.865145,-0.833518,1.000000)
v2 = (10.205961,1.328703,-0.858808,1.000000)
v3 = (11.044897,12.941308,-0.847202,1.000000)
v4 = (-12.839037,-1.671500,-0.822382,1.000000)
v5 = (4.438446,15.106296,-0.850880,1.000000)
v6 = (4.108826,3.591630,-0.861954,1.000000)
v7 = (-11.719226,-13.731420,-0.837874,1.000000)

Vertexes after Window to viewport Mapping transformation
v0 = (309.114624,249.515182,-0.817140,1.000000)
v1 = (310.089569,273.730286,-0.833518,1.000000)
v2 = (340.411926,237.342590,-0.858808,1.000000)
v3 = (342.089783,214.117386,-0.847202,1.000000)
v4 = (294.321930,243.343002,-0.822382,1.000000)
v5 = (328.876892,209.787415,-0.850880,1.000000)
v6 = (328.217651,232.816742,-0.861954,1.000000)
v7 = (296.561554,267.462830,-0.837874,1.000000)
